%YAML:1.0
---
image_width: 640
image_height: 480
camera_matrix: !!opencv-matrix
   rows: 3
   cols: 3
   dt: d
   data: [ 6.4569828865257762e+02, 0., 3.0999657139034116e+02, 0.,
       6.4437063516937360e+02, 2.2747546107051107e+02, 0., 0., 1. ]
distortion_coefficients: !!opencv-matrix
   rows: 5
   cols: 1
   dt: d
   data: [ 1.6599379433366149e-01, -6.6609523565588313e-01,
       2.6759964737157736e-03, -2.4996051402954873e-03,
       7.3190958847689869e-01 ]
